10,132
10,302
10,308
10,300
10,140
10,128
10,310
11,6
8,16
8,13
8,11
20,3
20,2
20,1
19,3
19,2
19,1
12,3
12,2
12,1
11,29
11,28
11,27
11,26
11,25
11,24
11,23
11,22
11,21
11,20
11,19
11,18
11,17
11,16
11,15
11,14
11,13
11,12
11,11
11,10
11,9
11,8
11,7
11,5
11,4
18,1
11,3
18,3
11,2
11,1
10,282
10,277
10,273
10,262
10,257
10,235
10,207
10,203
10,181
10,177
10,169
10,167
10,154
10,153
10,146
10,120
10,69
10,67
10,64
10,32
10,21
10,16
10,15
10,3
10,2
10,1
9,7
9,6
9,4
9,3
9,2
9,1
8,18
8,17
8,15
8,14
8,12
8,10
8,9
8,7
8,6
8,3
8,2
8,1
3,3
3,2
3,1
2,3
2,2
2,1
0,0
130,3
130,5
138,3
130,1
131,1
138,5
128,1
130,4
131,3
138,1
128,3
138,4
0,273
